{
  "generated_by": {
    "program": "augur",
    "version": "7.0.2"
  },
  "models": {
    "country_exposure": {
      "alphabet": [
        "Australia",
        "China",
        "France",
        "Germany",
        "Greece",
        "Guam",
        "India",
        "Iran",
        "Jamaica",
        "Japan",
        "Malaysia",
        "Netherlands",
        "Spain",
        "Sri Lanka",
        "Taiwan",
        "Thailand",
        "USA",
        "Uruguay",
        "Vietnam",
        "?"
      ],
      "equilibrium_probabilities": [
        0.02675671833344125,
        0.033739613095188505,
        0.03600663964428065,
        0.05522931131880321,
        0.03326463595138034,
        0.061790862507480344,
        0.030270205402211335,
        0.06241916512984219,
        0.052833841514425134,
        0.06331170950604922,
        0.06179086250748033,
        0.05509222801539158,
        0.05962327607572623,
        0.06285420681243743,
        0.06285420681243743,
        0.055355162450002084,
        0.06821223097580825,
        0.060274204201702215,
        0.05832091974591211
      ],
      "rate": 347.6300014676685,
      "transition_matrix": [
        [
          0.0,
          1.4732953617736537,
          1.4640460709643184,
          0.9304365404485572,
          1.5658159573926864,
          0.9854817399966675,
          2.016085731138443,
          1.3555761305767275,
          0.9256447697362757,
          0.9251810599199698,
          0.9854817399966682,
          0.9278992386227962,
          1.393802121478591,
          1.3683195569099216,
          1.3683195569099222,
          1.3662512236898507,
          7.773877581621237,
          0.92554763591196,
          0.9409622854113967
        ],
        [
          1.4732953617736537,
          0.0,
          1.1995870635982255,
          1.0119685176348447,
          0.9271221393761826,
          0.9259159073097125,
          0.9494210581839839,
          0.9330397821096852,
          0.9260470692939654,
          0.9257374501775617,
          0.9259159073097125,
          1.38895985090779,
          1.2569315202335845,
          0.9277962073743419,
          0.9277962073743419,
          1.718379200595913,
          3.0701907482705195,
          1.2603167995203783,
          1.2390420489489808
        ],
        [
          1.4640460709643184,
          1.1995870635982255,
          0.0,
          1.0307990162781449,
          0.9265669777495289,
          0.9432476237421146,
          1.6766368390485982,
          0.9259605489732726,
          0.9257914408887024,
          0.9255135362819192,
          0.9432476237421148,
          0.9258610430695505,
          0.925609125653768,
          0.9257050430585575,
          0.9257050430585575,
          0.9262370300348252,
          3.8178475916268795,
          0.9256100888794985,
          0.926843343350092
        ],
        [
          0.9304365404485572,
          1.0119685176348447,
          1.0307990162781449,
          0.0,
          0.9256470491775028,
          0.9255196997252615,
          0.9262966259391814,
          0.9256370708130535,
          0.9256056219357042,
          0.9255220881475752,
          0.9255196997252615,
          0.9257770505969448,
          0.9254847348473221,
          0.9255775327146661,
          0.9255775327146661,
          0.9259997835463024,
          1.2758273054369826,
          0.9256118562229094,
          0.9261806928115984
        ],
        [
          1.5658159573926864,
          0.9271221393761826,
          0.9265669777495289,
          0.9256470491775028,
          0.0,
          0.9248162556331412,
          1.3913471238649853,
          0.9249998726984798,
          0.9249967592546592,
          1.386720427320618,
          0.9248162556331412,
          0.9248228346369934,
          0.9247745181924764,
          0.9249042371696716,
          0.9249042371696716,
          0.9250148741702394,
          3.6715793894098905,
          0.9247580876866406,
          0.925570064201375
        ],
        [
          0.9854817399966675,
          0.9259159073097125,
          0.9432476237421146,
          0.9255196997252615,
          0.9248162556331412,
          0.0,
          1.2848151534313292,
          0.9252739665600774,
          0.9250904477319265,
          0.925094378984937,
          0.9333933327892483,
          0.9250542416897802,
          0.9249304915005456,
          0.9251839149625262,
          0.9251839149625262,
          0.9250778042296063,
          0.9496033560938515,
          0.9250659018593717,
          0.9254560745532663
        ],
        [
          2.016085731138443,
          0.9494210581839839,
          1.6766368390485982,
          0.9262966259391814,
          1.3913471238649853,
          1.2848151534313292,
          0.0,
          0.934249616071045,
          0.9247960638441589,
          0.9244257728962394,
          1.2848151534313283,
          0.9250530171880235,
          0.9245079231705295,
          0.9272411676548207,
          0.9272411676548207,
          0.9254211379700815,
          4.768052607565871,
          0.924416053982382,
          0.9254326005799474
        ],
        [
          1.3555761305767275,
          0.9330397821096852,
          0.9259605489732726,
          0.9256370708130535,
          0.9249998726984798,
          0.9252739665600774,
          0.934249616071045,
          0.0,
          0.9251963366999847,
          0.9252073592917103,
          0.9252739665600774,
          0.9251787072380578,
          0.9251030958672761,
          0.937136719485173,
          0.9371367194851729,
          0.9252838153093425,
          0.9430508129383335,
          0.9251831646476801,
          0.9255965759648761
        ],
        [
          0.9256447697362757,
          0.9260470692939654,
          0.9257914408887024,
          0.9256056219357042,
          0.9249967592546592,
          0.9250904477319265,
          0.9247960638441589,
          0.9251963366999847,
          0.0,
          0.9250939557777074,
          0.9250904477319265,
          0.9250724168457788,
          0.9249492496113857,
          0.9251430959799994,
          0.9251430959799994,
          0.9251030943481028,
          1.388960575898562,
          0.9250722577050664,
          0.9255377359870105
        ],
        [
          0.9251810599199698,
          0.9257374501775617,
          0.9255135362819192,
          0.9255220881475752,
          1.386720427320618,
          0.925094378984937,
          0.9244257728962394,
          0.9252073592917103,
          0.9250939557777074,
          0.0,
          0.925094378984937,
          0.9250568280963338,
          0.9249154173098664,
          0.9251525728178671,
          0.9251525728178671,
          0.9250664313139618,
          0.9282048775146171,
          0.9250678028031305,
          0.9254575816133745
        ],
        [
          0.9854817399966682,
          0.9259159073097125,
          0.9432476237421148,
          0.9255196997252615,
          0.9248162556331412,
          0.9333933327892483,
          1.2848151534313283,
          0.9252739665600774,
          0.9250904477319265,
          0.925094378984937,
          0.0,
          0.9250542416897802,
          0.9249304915005456,
          0.9251839149625262,
          0.9251839149625262,
          0.9250778042296063,
          0.9496033560938515,
          0.9250659018593717,
          0.9254560745532663
        ],
        [
          0.9278992386227962,
          1.38895985090779,
          0.9258610430695505,
          0.9257770505969448,
          0.9248228346369934,
          0.9250542416897802,
          0.9250530171880235,
          0.9251787072380578,
          0.9250724168457788,
          0.9250568280963338,
          0.9250542416897802,
          0.0,
          0.9249079397962375,
          0.9251143792407084,
          0.9251143792407084,
          0.9251112919158676,
          1.3786826754297674,
          0.92502669930531,
          0.9257313143428458
        ],
        [
          1.393802121478591,
          1.2569315202335845,
          0.925609125653768,
          0.9254847348473221,
          0.9247745181924764,
          0.9249304915005456,
          0.9245079231705295,
          0.9251030958672761,
          0.9249492496113857,
          0.9249154173098664,
          0.9249304915005456,
          0.9249079397962375,
          0.0,
          0.925023863660461,
          0.925023863660461,
          0.9256806367948268,
          1.047170041856844,
          0.9252098122359556,
          0.9254569342688436
        ],
        [
          1.3683195569099216,
          0.9277962073743419,
          0.9257050430585575,
          0.9255775327146661,
          0.9249042371696716,
          0.9251839149625262,
          0.9272411676548207,
          0.937136719485173,
          0.9251430959799994,
          0.9251525728178671,
          0.9251839149625262,
          0.9251143792407084,
          0.925023863660461,
          0.0,
          0.9496426960760597,
          0.9251890366686983,
          0.9277940782827628,
          0.9251239045898132,
          0.9255351590119103
        ],
        [
          1.3683195569099222,
          0.9277962073743419,
          0.9257050430585575,
          0.9255775327146661,
          0.9249042371696716,
          0.9251839149625262,
          0.9272411676548207,
          0.9371367194851729,
          0.9251430959799994,
          0.9251525728178671,
          0.9251839149625262,
          0.9251143792407084,
          0.925023863660461,
          0.9496426960760597,
          0.0,
          0.9251890366686983,
          0.9277940782827628,
          0.9251239045898132,
          0.9255351590119103
        ],
        [
          1.3662512236898507,
          1.718379200595913,
          0.9262370300348252,
          0.9259997835463024,
          0.9250148741702394,
          0.9250778042296063,
          0.9254211379700815,
          0.9252838153093425,
          0.9251030943481028,
          0.9250664313139618,
          0.9250778042296063,
          0.9251112919158676,
          0.9256806367948268,
          0.9251890366686983,
          0.9251890366686983,
          0.0,
          1.5490418681853861,
          0.9257546272940042,
          0.9260032515588528
        ],
        [
          7.773877581621237,
          3.0701907482705195,
          3.8178475916268795,
          1.2758273054369826,
          3.6715793894098905,
          0.9496033560938515,
          4.768052607565871,
          0.9430508129383335,
          1.388960575898562,
          0.9282048775146171,
          0.9496033560938515,
          1.3786826754297674,
          1.047170041856844,
          0.9277940782827628,
          0.9277940782827628,
          1.5490418681853861,
          0.0,
          1.0474185435733354,
          1.1230850206518084
        ],
        [
          0.92554763591196,
          1.2603167995203783,
          0.9256100888794985,
          0.9256118562229094,
          0.9247580876866406,
          0.9250659018593717,
          0.924416053982382,
          0.9251831646476801,
          0.9250722577050664,
          0.9250678028031305,
          0.9250659018593717,
          0.92502669930531,
          0.9252098122359556,
          0.9251239045898132,
          0.9251239045898132,
          0.9257546272940042,
          1.0474185435733354,
          0.0,
          0.9255668568274649
        ],
        [
          0.9409622854113967,
          1.2390420489489808,
          0.926843343350092,
          0.9261806928115984,
          0.925570064201375,
          0.9254560745532663,
          0.9254326005799474,
          0.9255965759648761,
          0.9255377359870105,
          0.9254575816133745,
          0.9254560745532663,
          0.9257313143428458,
          0.9254569342688436,
          0.9255351590119103,
          0.9255351590119103,
          0.9260032515588528,
          1.1230850206518084,
          0.9255668568274649,
          0.0
        ]
      ]
    },
    "region_exposure": {
      "alphabet": [
        "Asia",
        "Europe",
        "North America",
        "Oceania",
        "South America",
        "?"
      ],
      "equilibrium_probabilities": [
        0.1291581749066373,
        0.1369182911829416,
        0.3421118705575629,
        0.2049268379484321,
        0.18688482540442602
      ],
      "rate": 432.55967662532265,
      "transition_matrix": [
        [
          0.0,
          1.5636995944249918,
          2.2980656818519645,
          1.1071286120008825,
          0.4156344319753575
        ],
        [
          1.5636995944249918,
          0.0,
          2.495305351294381,
          0.8472007266101231,
          0.27911403580964983
        ],
        [
          2.2980656818519645,
          2.495305351294381,
          0.0,
          2.214227277997447,
          0.27711571277308616
        ],
        [
          1.1071286120008825,
          0.8472007266101231,
          2.214227277997447,
          0.0,
          0.27988741097529274
        ],
        [
          0.4156344319753575,
          0.27911403580964983,
          0.27711571277308616,
          0.27988741097529274,
          0.0
        ]
      ]
    }
  },
  "nodes": {
    "Australia/VIC1000/2020": {
      "country_exposure": "Australia",
      "country_exposure_confidence": {
        "Australia": 1.0
      },
      "country_exposure_entropy": -1.000088900581841e-12,
      "region_exposure": "Oceania",
      "region_exposure_confidence": {
        "Oceania": 1.0
      },
      "region_exposure_entropy": -1.000088900581841e-12
    },
    "Australia/VIC1018/2020": {
      "country_exposure": "Australia",
      "country_exposure_confidence": {
        "Australia": 1.0
      },
      "country_exposure_entropy": -1.000088900581841e-12,
      "region_exposure": "Oceania",
      "region_exposure_confidence": {
        "Oceania": 1.0
      },
      "region_exposure_entropy": -1.000088900581841e-12
    },
    "Australia/VIC1038/2020": {
      "country_exposure": "Australia",
      "country_exposure_confidence": {
        "Australia": 1.0
      },
      "country_exposure_entropy": -1.000088900581841e-12,
      "region_exposure": "Oceania",
      "region_exposure_confidence": {
        "Oceania": 1.0
      },
      "region_exposure_entropy": -1.000088900581841e-12
    },
    "Australia/VIC1045/2020": {
      "country_exposure": "Australia",
      "country_exposure_confidence": {
        "Australia": 0.9999999999999999
      },
      "country_exposure_entropy": -9.99866855976916e-13,
      "region_exposure": "Oceania",
      "region_exposure_confidence": {
        "Oceania": 1.0
      },
      "region_exposure_entropy": -1.000088900581841e-12
    },
    "Australia/VIC1062/2020": {
      "country_exposure": "Australia",
      "country_exposure_confidence": {
        "Australia": 1.0
      },
      "country_exposure_entropy": -1.000088900581841e-12,
      "region_exposure": "Oceania",
      "region_exposure_confidence": {
        "Oceania": 1.0
      },
      "region_exposure_entropy": -1.000088900581841e-12
    },
    "Australia/VIC1120/2020": {
      "country_exposure": "Australia",
      "country_exposure_confidence": {
        "Australia": 1.0
      },
      "country_exposure_entropy": -1.000088900581841e-12,
      "region_exposure": "Oceania",
      "region_exposure_confidence": {
        "Oceania": 1.0
      },
      "region_exposure_entropy": -1.000088900581841e-12
    },
    "Australia/VIC1135/2020": {
      "country_exposure": "Australia",
      "country_exposure_confidence": {
        "Australia": 1.0
      },
      "country_exposure_entropy": -1.000088900581841e-12,
      "region_exposure": "Oceania",
      "region_exposure_confidence": {
        "Oceania": 0.9999999999999999
      },
      "region_exposure_entropy": -9.99866855976916e-13
    },
    "Australia/VIC1139/2020": {
      "country_exposure": "Australia",
      "country_exposure_confidence": {
        "Australia": 1.0
      },
      "country_exposure_entropy": -1.000088900581841e-12,
      "region_exposure": "Oceania",
      "region_exposure_confidence": {
        "Oceania": 1.0
      },
      "region_exposure_entropy": -1.000088900581841e-12
    },
    "Australia/VIC1186/2020": {
      "country_exposure": "Australia",
      "country_exposure_confidence": {
        "Australia": 1.0
      },
      "country_exposure_entropy": -1.000088900581841e-12,
      "region_exposure": "Oceania",
      "region_exposure_confidence": {
        "Oceania": 1.0
      },
      "region_exposure_entropy": -1.000088900581841e-12
    },
    "Australia/VIC1208/2020": {
      "country_exposure": "Australia",
      "country_exposure_confidence": {
        "Australia": 1.0
      },
      "country_exposure_entropy": -1.000088900581841e-12,
      "region_exposure": "Oceania",
      "region_exposure_confidence": {
        "Oceania": 1.0
      },
      "region_exposure_entropy": -1.000088900581841e-12
    },
    "Australia/VIC14/2020": {
      "country_exposure": "Australia",
      "country_exposure_confidence": {
        "Australia": 1.0
      },
      "country_exposure_entropy": -1.000088900581841e-12,
      "region_exposure": "Oceania",
      "region_exposure_confidence": {
        "Oceania": 1.0
      },
      "region_exposure_entropy": -1.000088900581841e-12
    },
    "Australia/VIC27/2020": {
      "country_exposure": "Australia",
      "country_exposure_confidence": {
        "Australia": 1.0
      },
      "country_exposure_entropy": -1.000088900581841e-12,
      "region_exposure": "Oceania",
      "region_exposure_confidence": {
        "Oceania": 0.9999999999999999
      },
      "region_exposure_entropy": -9.99866855976916e-13
    },
    "Australia/VIC295/2020": {
      "country_exposure": "Australia",
      "country_exposure_confidence": {
        "Australia": 1.0
      },
      "country_exposure_entropy": -1.000088900581841e-12,
      "region_exposure": "Oceania",
      "region_exposure_confidence": {
        "Oceania": 1.0
      },
      "region_exposure_entropy": -1.000088900581841e-12
    },
    "Australia/VIC319/2020": {
      "country_exposure": "Australia",
      "country_exposure_confidence": {
        "Australia": 1.0
      },
      "country_exposure_entropy": -1.000088900581841e-12,
      "region_exposure": "Oceania",
      "region_exposure_confidence": {
        "Oceania": 1.0
      },
      "region_exposure_entropy": -1.000088900581841e-12
    },
    "Australia/VIC322/2020": {
      "country_exposure": "Australia",
      "country_exposure_confidence": {
        "Australia": 1.0
      },
      "country_exposure_entropy": -1.000088900581841e-12,
      "region_exposure": "Oceania",
      "region_exposure_confidence": {
        "Oceania": 1.0
      },
      "region_exposure_entropy": -1.000088900581841e-12
    },
    "Australia/VIC47/2020": {
      "country_exposure": "Australia",
      "country_exposure_confidence": {
        "Australia": 1.0
      },
      "country_exposure_entropy": -1.000088900581841e-12,
      "region_exposure": "Oceania",
      "region_exposure_confidence": {
        "Oceania": 1.0
      },
      "region_exposure_entropy": -1.000088900581841e-12
    },
    "Australia/VIC546/2020": {
      "country_exposure": "Australia",
      "country_exposure_confidence": {
        "Australia": 1.0
      },
      "country_exposure_entropy": -1.000088900581841e-12,
      "region_exposure": "Oceania",
      "region_exposure_confidence": {
        "Oceania": 1.0
      },
      "region_exposure_entropy": -1.000088900581841e-12
    },
    "Australia/VIC716/2020": {
      "country_exposure": "Australia",
      "country_exposure_confidence": {
        "Australia": 1.0
      },
      "country_exposure_entropy": -1.000088900581841e-12,
      "region_exposure": "Oceania",
      "region_exposure_confidence": {
        "Oceania": 1.0
      },
      "region_exposure_entropy": -1.000088900581841e-12
    },
    "Australia/VIC767/2020": {
      "country_exposure": "Australia",
      "country_exposure_confidence": {
        "Australia": 1.0
      },
      "country_exposure_entropy": -1.000088900581841e-12,
      "region_exposure": "Oceania",
      "region_exposure_confidence": {
        "Oceania": 1.0
      },
      "region_exposure_entropy": -1.000088900581841e-12
    },
    "Australia/VIC771/2020": {
      "country_exposure": "Australia",
      "country_exposure_confidence": {
        "Australia": 1.0
      },
      "country_exposure_entropy": -1.000088900581841e-12,
      "region_exposure": "Oceania",
      "region_exposure_confidence": {
        "Oceania": 1.0
      },
      "region_exposure_entropy": -1.000088900581841e-12
    },
    "Australia/VIC800/2020": {
      "country_exposure": "Australia",
      "country_exposure_confidence": {
        "Australia": 1.0
      },
      "country_exposure_entropy": -1.000088900581841e-12,
      "region_exposure": "Oceania",
      "region_exposure_confidence": {
        "Oceania": 1.0
      },
      "region_exposure_entropy": -1.000088900581841e-12
    },
    "China/Beijing_IME-BJ05/2020": {
      "country_exposure": "China",
      "country_exposure_confidence": {
        "China": 1.0
      },
      "country_exposure_entropy": -1.000088900581841e-12,
      "region_exposure": "Asia",
      "region_exposure_confidence": {
        "Asia": 1.0
      },
      "region_exposure_entropy": -1.000088900581841e-12
    },
    "China/WHUHnCoV020/2020": {
      "country_exposure": "China",
      "country_exposure_confidence": {
        "China": 1.0
      },
      "country_exposure_entropy": -1.000088900581841e-12,
      "region_exposure": "Asia",
      "region_exposure_confidence": {
        "Asia": 1.0
      },
      "region_exposure_entropy": -1.000088900581841e-12
    },
    "China/Wuhan_YB012611/2020": {
      "country_exposure": "China",
      "country_exposure_confidence": {
        "China": 1.0
      },
      "country_exposure_entropy": -1.000088900581841e-12,
      "region_exposure": "Asia",
      "region_exposure_confidence": {
        "Asia": 1.0
      },
      "region_exposure_entropy": -1.000088900581841e-12
    },
    "ENV/USA/UF-11/2020": {
      "country_exposure": "USA",
      "country_exposure_confidence": {
        "USA": 1.0
      },
      "country_exposure_entropy": -1.000088900581841e-12,
      "region_exposure": "North America",
      "region_exposure_confidence": {
        "North America": 1.0
      },
      "region_exposure_entropy": -1.000088900581841e-12
    },
    "France/10006HC/2020": {
      "country_exposure": "France",
      "country_exposure_confidence": {
        "France": 0.9999999999999999
      },
      "country_exposure_entropy": -9.99866855976916e-13,
      "region_exposure": "Europe",
      "region_exposure_confidence": {
        "Europe": 1.0
      },
      "region_exposure_entropy": -1.000088900581841e-12
    },
    "France/10015BY/2020": {
      "country_exposure": "France",
      "country_exposure_confidence": {
        "France": 1.0
      },
      "country_exposure_entropy": -1.000088900581841e-12,
      "region_exposure": "Europe",
      "region_exposure_confidence": {
        "Europe": 1.0
      },
      "region_exposure_entropy": -1.000088900581841e-12
    },
    "France/10023FD/2020": {
      "country_exposure": "France",
      "country_exposure_confidence": {
        "France": 1.0
      },
      "country_exposure_entropy": -1.000088900581841e-12,
      "region_exposure": "Europe",
      "region_exposure_confidence": {
        "Europe": 1.0
      },
      "region_exposure_entropy": -1.000088900581841e-12
    },
    "France/10041MR/2020": {
      "country_exposure": "France",
      "country_exposure_confidence": {
        "France": 1.0
      },
      "country_exposure_entropy": -1.000088900581841e-12,
      "region_exposure": "Europe",
      "region_exposure_confidence": {
        "Europe": 1.0
      },
      "region_exposure_entropy": -1.000088900581841e-12
    },
    "France/10045DZ/2020": {
      "country_exposure": "France",
      "country_exposure_confidence": {
        "France": 1.0
      },
      "country_exposure_entropy": -1.000088900581841e-12,
      "region_exposure": "Europe",
      "region_exposure_confidence": {
        "Europe": 1.0
      },
      "region_exposure_entropy": -1.000088900581841e-12
    },
    "France/10060KV/2020": {
      "country_exposure": "France",
      "country_exposure_confidence": {
        "France": 1.0
      },
      "country_exposure_entropy": -1.000088900581841e-12,
      "region_exposure": "Europe",
      "region_exposure_confidence": {
        "Europe": 1.0
      },
      "region_exposure_entropy": -1.000088900581841e-12
    },
    "France/10068ND/2020": {
      "country_exposure": "France",
      "country_exposure_confidence": {
        "France": 1.0
      },
      "country_exposure_entropy": -1.000088900581841e-12,
      "region_exposure": "Europe",
      "region_exposure_confidence": {
        "Europe": 1.0
      },
      "region_exposure_entropy": -1.000088900581841e-12
    },
    "France/10078MA/2020": {
      "country_exposure": "France",
      "country_exposure_confidence": {
        "France": 1.0
      },
      "country_exposure_entropy": -1.000088900581841e-12,
      "region_exposure": "Europe",
      "region_exposure_confidence": {
        "Europe": 1.0
      },
      "region_exposure_entropy": -1.000088900581841e-12
    },
    "France/40003KA/2020": {
      "country_exposure": "France",
      "country_exposure_confidence": {
        "France": 1.0
      },
      "country_exposure_entropy": -1.000088900581841e-12,
      "region_exposure": "Europe",
      "region_exposure_confidence": {
        "Europe": 1.0
      },
      "region_exposure_entropy": -1.000088900581841e-12
    },
    "France/50001AR/2020": {
      "country_exposure": "France",
      "country_exposure_confidence": {
        "France": 1.0
      },
      "country_exposure_entropy": -1.000088900581841e-12,
      "region_exposure": "Europe",
      "region_exposure_confidence": {
        "Europe": 0.9999999999999999
      },
      "region_exposure_entropy": -9.99866855976916e-13
    },
    "Germany/BavPat1-ChVir929/2020": {
      "country_exposure": "Germany",
      "country_exposure_confidence": {
        "Germany": 0.9999999999999999
      },
      "country_exposure_entropy": -9.99866855976916e-13,
      "region_exposure": "Europe",
      "region_exposure_confidence": {
        "Europe": 0.9999999999999999
      },
      "region_exposure_entropy": -9.99866855976916e-13
    },
    "Germany/BavPat3-ChVir1020/2020": {
      "country_exposure": "Germany",
      "country_exposure_confidence": {
        "Germany": 0.9999999999999999
      },
      "country_exposure_entropy": -9.99866855976916e-13,
      "region_exposure": "Europe",
      "region_exposure_confidence": {
        "Europe": 0.9999999999999999
      },
      "region_exposure_entropy": -9.99866855976916e-13
    },
    "Greece/139_32716/2020": {
      "country_exposure": "Greece",
      "country_exposure_confidence": {
        "Greece": 0.9999999999999999
      },
      "country_exposure_entropy": -9.99866855976916e-13,
      "region_exposure": "Europe",
      "region_exposure_confidence": {
        "Europe": 1.0
      },
      "region_exposure_entropy": -1.000088900581841e-12
    },
    "Greece/209_33926/2020": {
      "country_exposure": "Greece",
      "country_exposure_confidence": {
        "Greece": 1.0
      },
      "country_exposure_entropy": -1.000088900581841e-12,
      "region_exposure": "Europe",
      "region_exposure_confidence": {
        "Europe": 1.0
      },
      "region_exposure_entropy": -1.000088900581841e-12
    },
    "Greece/222_33921/2020": {
      "country_exposure": "Greece",
      "country_exposure_confidence": {
        "Greece": 0.9999999999999999
      },
      "country_exposure_entropy": -9.99866855976916e-13,
      "region_exposure": "Europe",
      "region_exposure_confidence": {
        "Europe": 1.0
      },
      "region_exposure_entropy": -1.000088900581841e-12
    },
    "Greece/226_35576/2020": {
      "country_exposure": "Greece",
      "country_exposure_confidence": {
        "Greece": 1.0
      },
      "country_exposure_entropy": -1.000088900581841e-12,
      "region_exposure": "Europe",
      "region_exposure_confidence": {
        "Europe": 1.0
      },
      "region_exposure_entropy": -1.000088900581841e-12
    },
    "Greece/227_35969/2020": {
      "country_exposure": "Greece",
      "country_exposure_confidence": {
        "Greece": 1.0
      },
      "country_exposure_entropy": -1.000088900581841e-12,
      "region_exposure": "Europe",
      "region_exposure_confidence": {
        "Europe": 1.0
      },
      "region_exposure_entropy": -1.000088900581841e-12
    },
    "Greece/246_32206/2020": {
      "country_exposure": "Greece",
      "country_exposure_confidence": {
        "Greece": 1.0
      },
      "country_exposure_entropy": -1.000088900581841e-12,
      "region_exposure": "Europe",
      "region_exposure_confidence": {
        "Europe": 0.9999999999999999
      },
      "region_exposure_entropy": -9.99866855976916e-13
    },
    "Greece/248_32261/2020": {
      "country_exposure": "Greece",
      "country_exposure_confidence": {
        "Greece": 1.0
      },
      "country_exposure_entropy": -1.000088900581841e-12,
      "region_exposure": "Europe",
      "region_exposure_confidence": {
        "Europe": 0.9999999999999999
      },
      "region_exposure_entropy": -9.99866855976916e-13
    },
    "Greece/259_31928/2020": {
      "country_exposure": "Greece",
      "country_exposure_confidence": {
        "Greece": 1.0
      },
      "country_exposure_entropy": -1.000088900581841e-12,
      "region_exposure": "Europe",
      "region_exposure_confidence": {
        "Europe": 1.0
      },
      "region_exposure_entropy": -1.000088900581841e-12
    },
    "Greece/37_35684/2020": {
      "country_exposure": "Greece",
      "country_exposure_confidence": {
        "Greece": 1.0
      },
      "country_exposure_entropy": -1.000088900581841e-12,
      "region_exposure": "Europe",
      "region_exposure_confidence": {
        "Europe": 1.0
      },
      "region_exposure_entropy": -1.000088900581841e-12
    },
    "Greece/41_36861/2020": {
      "country_exposure": "Greece",
      "country_exposure_confidence": {
        "Greece": 1.0
      },
      "country_exposure_entropy": -1.000088900581841e-12,
      "region_exposure": "Europe",
      "region_exposure_confidence": {
        "Europe": 1.0
      },
      "region_exposure_entropy": -1.000088900581841e-12
    },
    "Guam/GU-NHG-01/2020": {
      "country_exposure": "Guam",
      "country_exposure_confidence": {
        "Guam": 0.9999999999999999
      },
      "country_exposure_entropy": -9.99866855976916e-13,
      "region_exposure": "Oceania",
      "region_exposure_confidence": {
        "Oceania": 1.0
      },
      "region_exposure_entropy": -1.000088900581841e-12
    },
    "Hangzhou/HZ-1/2020": {
      "country_exposure": "China",
      "country_exposure_confidence": {
        "China": 1.0
      },
      "country_exposure_entropy": -1.000088900581841e-12,
      "region_exposure": "Asia",
      "region_exposure_confidence": {
        "Asia": 1.0
      },
      "region_exposure_entropy": -1.000088900581841e-12
    },
    "India/GBRC14/2020": {
      "country_exposure": "India",
      "country_exposure_confidence": {
        "India": 1.0
      },
      "country_exposure_entropy": -1.000088900581841e-12,
      "region_exposure": "Asia",
      "region_exposure_confidence": {
        "Asia": 1.0
      },
      "region_exposure_entropy": -1.000088900581841e-12
    },
    "India/GBRC20/2020": {
      "country_exposure": "India",
      "country_exposure_confidence": {
        "India": 1.0
      },
      "country_exposure_entropy": -1.000088900581841e-12,
      "region_exposure": "Asia",
      "region_exposure_confidence": {
        "Asia": 1.0
      },
      "region_exposure_entropy": -1.000088900581841e-12
    },
    "India/GBRC21/2020": {
      "country_exposure": "India",
      "country_exposure_confidence": {
        "India": 1.0
      },
      "country_exposure_entropy": -1.000088900581841e-12,
      "region_exposure": "Asia",
      "region_exposure_confidence": {
        "Asia": 0.9999999999999999
      },
      "region_exposure_entropy": -9.99866855976916e-13
    },
    "India/GBRC26/2020": {
      "country_exposure": "India",
      "country_exposure_confidence": {
        "India": 1.0
      },
      "country_exposure_entropy": -1.000088900581841e-12,
      "region_exposure": "Asia",
      "region_exposure_confidence": {
        "Asia": 1.0
      },
      "region_exposure_entropy": -1.000088900581841e-12
    },
    "India/GBRC29/2020": {
      "country_exposure": "India",
      "country_exposure_confidence": {
        "India": 1.0
      },
      "country_exposure_entropy": -1.000088900581841e-12,
      "region_exposure": "Asia",
      "region_exposure_confidence": {
        "Asia": 1.0
      },
      "region_exposure_entropy": -1.000088900581841e-12
    },
    "India/GBRC51/2020": {
      "country_exposure": "India",
      "country_exposure_confidence": {
        "India": 1.0
      },
      "country_exposure_entropy": -1.000088900581841e-12,
      "region_exposure": "Asia",
      "region_exposure_confidence": {
        "Asia": 1.0
      },
      "region_exposure_entropy": -1.000088900581841e-12
    },
    "India/GBRC56a/2020": {
      "country_exposure": "India",
      "country_exposure_confidence": {
        "India": 1.0
      },
      "country_exposure_entropy": -1.000088900581841e-12,
      "region_exposure": "Asia",
      "region_exposure_confidence": {
        "Asia": 1.0
      },
      "region_exposure_entropy": -1.000088900581841e-12
    },
    "India/GBRC72b/2020": {
      "country_exposure": "India",
      "country_exposure_confidence": {
        "India": 1.0
      },
      "country_exposure_entropy": -1.000088900581841e-12,
      "region_exposure": "Asia",
      "region_exposure_confidence": {
        "Asia": 1.0
      },
      "region_exposure_entropy": -1.000088900581841e-12
    },
    "India/GBRC8/2020": {
      "country_exposure": "India",
      "country_exposure_confidence": {
        "India": 1.0
      },
      "country_exposure_entropy": -1.000088900581841e-12,
      "region_exposure": "Asia",
      "region_exposure_confidence": {
        "Asia": 1.0
      },
      "region_exposure_entropy": -1.000088900581841e-12
    },
    "India/GBRC85/2020": {
      "country_exposure": "India",
      "country_exposure_confidence": {
        "India": 1.0
      },
      "country_exposure_entropy": -1.000088900581841e-12,
      "region_exposure": "Asia",
      "region_exposure_confidence": {
        "Asia": 1.0
      },
      "region_exposure_entropy": -1.000088900581841e-12
    },
    "India/GBRC88a/2020": {
      "country_exposure": "India",
      "country_exposure_confidence": {
        "India": 1.0
      },
      "country_exposure_entropy": -1.000088900581841e-12,
      "region_exposure": "Asia",
      "region_exposure_confidence": {
        "Asia": 1.0
      },
      "region_exposure_entropy": -1.000088900581841e-12
    },
    "India/GBRC9/2020": {
      "country_exposure": "India",
      "country_exposure_confidence": {
        "India": 1.0
      },
      "country_exposure_entropy": -1.000088900581841e-12,
      "region_exposure": "Asia",
      "region_exposure_confidence": {
        "Asia": 1.0
      },
      "region_exposure_entropy": -1.000088900581841e-12
    },
    "India/GBRC96/2020": {
      "country_exposure": "India",
      "country_exposure_confidence": {
        "India": 1.0
      },
      "country_exposure_entropy": -1.000088900581841e-12,
      "region_exposure": "Asia",
      "region_exposure_confidence": {
        "Asia": 1.0
      },
      "region_exposure_entropy": -1.000088900581841e-12
    },
    "India/GBRC97a/2020": {
      "country_exposure": "India",
      "country_exposure_confidence": {
        "India": 0.9999999999999999
      },
      "country_exposure_entropy": -9.99866855976916e-13,
      "region_exposure": "Asia",
      "region_exposure_confidence": {
        "Asia": 1.0
      },
      "region_exposure_entropy": -1.000088900581841e-12
    },
    "India/GBRC97b/2020": {
      "country_exposure": "India",
      "country_exposure_confidence": {
        "India": 0.9999999999999999
      },
      "country_exposure_entropy": -9.99866855976916e-13,
      "region_exposure": "Asia",
      "region_exposure_confidence": {
        "Asia": 1.0
      },
      "region_exposure_entropy": -1.000088900581841e-12
    },
    "India/GMC-KP1125/2020": {
      "country_exposure": "India",
      "country_exposure_confidence": {
        "India": 1.0
      },
      "country_exposure_entropy": -1.000088900581841e-12,
      "region_exposure": "Asia",
      "region_exposure_confidence": {
        "Asia": 0.9999999999999999
      },
      "region_exposure_entropy": -9.99866855976916e-13
    },
    "India/GMCKN318/2020": {
      "country_exposure": "India",
      "country_exposure_confidence": {
        "India": 0.9999999999999999
      },
      "country_exposure_entropy": -9.99866855976916e-13,
      "region_exposure": "Asia",
      "region_exposure_confidence": {
        "Asia": 1.0
      },
      "region_exposure_entropy": -1.000088900581841e-12
    },
    "India/GMCTC469/2020": {
      "country_exposure": "India",
      "country_exposure_confidence": {
        "India": 1.0
      },
      "country_exposure_entropy": -1.000088900581841e-12,
      "region_exposure": "Asia",
      "region_exposure_confidence": {
        "Asia": 1.0
      },
      "region_exposure_entropy": -1.000088900581841e-12
    },
    "India/nimh-2873/2020": {
      "country_exposure": "India",
      "country_exposure_confidence": {
        "India": 0.9999999999999999
      },
      "country_exposure_entropy": -9.99866855976916e-13,
      "region_exposure": "Asia",
      "region_exposure_confidence": {
        "Asia": 1.0
      },
      "region_exposure_entropy": -1.000088900581841e-12
    },
    "India/nimh-3952/2020": {
      "country_exposure": "India",
      "country_exposure_confidence": {
        "India": 1.0
      },
      "country_exposure_entropy": -1.000088900581841e-12,
      "region_exposure": "Asia",
      "region_exposure_confidence": {
        "Asia": 1.0
      },
      "region_exposure_entropy": -1.000088900581841e-12
    },
    "Iran/HGRC-1.1-IPI-8206/2020": {
      "country_exposure": "Iran",
      "country_exposure_confidence": {
        "Iran": 1.0
      },
      "country_exposure_entropy": -1.000088900581841e-12,
      "region_exposure": "Asia",
      "region_exposure_confidence": {
        "Asia": 1.0
      },
      "region_exposure_entropy": -1.000088900581841e-12
    },
    "Jamaica/JM-CDC-7286/2020": {
      "country_exposure": "Jamaica",
      "country_exposure_confidence": {
        "Jamaica": 1.0
      },
      "country_exposure_entropy": -1.000088900581841e-12,
      "region_exposure": "North America",
      "region_exposure_confidence": {
        "North America": 1.0
      },
      "region_exposure_entropy": -1.000088900581841e-12
    },
    "Japan/P4-6/2020": {
      "country_exposure": "Japan",
      "country_exposure_confidence": {
        "Japan": 1.0
      },
      "country_exposure_entropy": -1.000088900581841e-12,
      "region_exposure": "Asia",
      "region_exposure_confidence": {
        "Asia": 1.0
      },
      "region_exposure_entropy": -1.000088900581841e-12
    },
    "Malaysia/189332/2020": {
      "country_exposure": "Malaysia",
      "country_exposure_confidence": {
        "Malaysia": 1.0
      },
      "country_exposure_entropy": -1.000088900581841e-12,
      "region_exposure": "Asia",
      "region_exposure_confidence": {
        "Asia": 1.0
      },
      "region_exposure_entropy": -1.000088900581841e-12
    },
    "NODE_0000004": {
